0000001000000001
0000010001000001
0000011000100001
0000100010000001
0100000001000000
0100010001000010
0101010011000000
0101000010000000
0100100001000100
0110110001000110
1101111010001000
1100000001000000
1100000011000001
1100000101000010
1101110111001111
0101000010000010
0000000000000000
1000000001001110
1100000001000000
1100000011000001
1100000101000010
1101110111001111
0101000010000100
0000000000000000
1000000101001110
1100000001000000
1100000011000001
1100000101000010
1101110111001111
0101000010000110
0000000000000000
1000001001001110
1100000001000000
1100000011000001
1100000101000010
1101110111001111
0101000010001000
0000000000000000
1000001101001110
1100000001000000
1100000011000001
1100000101000010
1101110111001111
0100000001010000
0100010001010010
1000010001001110
0101010100000000
0101000010001010
0100100001010100
0110110001010110
1101111010001000
1100000001000000
1100000011000001
1100000101000010
1101110111000111
0101010100000010
0101000010001100
1000000001001110
1101111010001000
1100000001000000
1100000011000001
1100000101000010
1101110111000111
0101010100000100
0101000010001110
1000000101001110
1101111010001000
1100000001000000
1100000011000001
1100000101000010
1101110111000111
0101010100000110
0101000010010000
1000001001001110
1101111010001000
1100000001000000
1100000011000001
1100000101000010
1101110111000111
0101010100001000
0101000010010010
1000001101001110
1101111010001000
1100000001000000
1100000011000001
1100000101000010
1101110111000111
0100000001001000
0100010001001010
1000010001001110
0101010011000010
0101000010000000
0100100001001100
0110110001001110
1101111010001000
1100000001000000
1100000011000001
1100000101000010
1101110111001111
0101000010000010
0000000000000000
1000010101001110
1100000001000000
1100000011000001
1100000101000010
1101110111001111
0101000010000100
0000000000000000
1000011001001110
1100000001000000
1100000011000001
1100000101000010
1101110111001111
0101000010000110
0000000000000000
1000011101001110
1100000001000000
1100000011000001
1100000101000010
1101110111001111
0101000010001000
0000000000000000
1000100001001110
1100000001000000
1100000011000001
1100000101000010
1101110111001111
0100000001011000
0100010001011010
1000100101001110
0101010100001010
0101000010001010
0100100001011100
0110110001011110
1101111010001000
1100000001000000
1100000011000001
1100000101000010
1101110111000111
0101010100001100
0101000010001100
1000010101001110
1101111010001000
1100000001000000
1100000011000001
1100000101000010
1101110111000111
0101010100001110
0101000010001110
1000011001001110
1101111010001000
1100000001000000
1100000011000001
1100000101000010
1101110111000111
0101010100010000
0101000010010000
1000011101001110
1101111010001000
1100000001000000
1100000011000001
1100000101000010
1101110111000111
0101010100010010
0101000010010010
1000100001001110
1101111010001000
1100000001000000
1100000011000001
1100000101000010
1101110111000111
0000001000101001
0000010010000001
1000100101001110
0000011000111001
0000100010100001
0100000001000000
0100010001000010
0101010011000000
0101000010000000
0100100001000100
0110110001000110
1101111010001000
1100000001000000
1100000011000001
1100000101000010
1101110111001111
0101000010000010
0000000000000000
1000000001001110
1100000001000000
1100000011000001
1100000101000010
1101110111001111
0101000010000100
0000000000000000
1000000101001110
1100000001000000
1100000011000001
1100000101000010
1101110111001111
0101000010000110
0000000000000000
1000001001001110
1100000001000000
1100000011000001
1100000101000010
1101110111001111
0101000010001000
0000000000000000
1000001101001110
1100000001000000
1100000011000001
1100000101000010
1101110111001111
0100000001001000
0100010001001010
1000010001001110
0101010100000000
0101000010001010
0100100001001100
0110110001001110
1101111010001000
1100000001000000
1100000011000001
1100000101000010
1101110111000111
0101010100000010
0101000010001100
1000000001001110
1101111010001000
1100000001000000
1100000011000001
1100000101000010
1101110111000111
0101010100000100
0101000010001110
1000000101001110
1101111010001000
1100000001000000
1100000011000001
1100000101000010
1101110111000111
0101010100000110
0101000010010000
1000001001001110
1101111010001000
1100000001000000
1100000011000001
1100000101000010
1101110111000111
0101010100001000
0101000010010010
1000001101001110
1101111010001000
1100000001000000
1100000011000001
1100000101000010
1101110111000111
0000000000000000
0000000000000000
1000010001001110
