11111110000001000000010000000100
00000110111101001111111000010100
00000001000001000000010011111001
00100011000001100001011111111001
00000000111111001111000011110010
11110011000100001111100111111101
00101110000110000010111100011001
00000000111111100000010000001010
00000100000000110000000100001110
11100111111011101110111100000010
00000001111100111110100000010011
00010001000000010000010100010011
00000011000000001110100000001100
00001001000110010000101011101101
00100000001101000110100000101001
00000101000011100001010111101011
00000100001010010100100100100010
00001011110101001111100011111100
00000000000000000000000000000000
00000000000000000000000000000000
11111101000001000010101000101000
11110101111111010001010000001100
11101111111101111111010011110101
11110001111011111100001011011111
00010000000000001101111011000001
11111011000000001111011011110001
11111100111110100000101100010010
11111010111110100010000100101010
00000001000011000000011111110111
00000000000000000000000000000000
00000000000000000000000000000000
00000000000000000000000000000000
01001000000001100000110000101010
00111110011010010011100100000110
01101001000101100001010000111101
01100010011000000011001100010000
01010011001101100100010001100101
00110100010110110001100001111111
01100111000100110011011101001011
01011100011101010010010001000011
00110100001000000111000101100101
01101000000000110100101101001111
00000000000000000000000000000000
00000000000000000000000000000000
00000000000000000000000000000000
00000000000000000000000000000000
00000000000000000000000000000000
00000000000000000000000000000000
00000000000000000000000000000000
00000000000000000000000000000000
00000000000000000000000000000000
00000000000000000000000000000000
00000000000000000000000000000000
00000000000000000000000000000000
00000000000000000000000000000000
00000000000000000000000000000000
00000000000000000000000000000000
00000000000000000000000000000000
00000000000000000000000000000000
00000000000000000000000000000000
00000000000000000000000000000000
00000000000000000000000000000000
00000000000000000000000000000000
00000000000000000000000000000000
00000000000000000000000000000000
00000000000000000000000000000000
00000000000000000000000000000000
00000000000000000000000000000000
00000000000000000000000000000000
00000000000000000000000000000000
00000000000000000000000000000000
00000000000000000000000000000000
00000000000000000000000000000000
00000000000000000000000000000000
00000000000000000000000000000000
00000000000000000000000000000000
00000000000000000000000000000000
00000000000000000000000000000000
00000000000000000000000000000000
00000000000000000000000000000000
00000000000000000000000000000000
00000000000000000000000000000000
00000000000000000000000000000000
00000000000000000000000000000000
00000000000000000000000000000000
00000000000000000000000000000000
00000000000000000000000000000000
00000000000000000000000000000000
00000000000000000000000000000000
00000000000000000000000000000000
00000000000000000000000000000000
00000000000000000000000000000000
00000000000000000000000000000000
00000000000000000000000000000000
00000000000000000000000000000000
00000000000000000000000000000000
00000000000000000000000000000000
00000000000000000000000000000000
00000000000000000000000000000000
00000000000000000000000000000000
00000000000000000000000000000000
00000000000000000000000000000000
